Год-месяц	Linux General	Linux.org.ru server	KDE	GNOME	Документация	OpenSource	Mozilla	RedHat	Java	GNU's Not Unix	Security	Linux в России	Коммерческое ПО	Linux kernel	Hardware and Drivers	BSD	Debian	OpenOffice (StarOffice)	PDA	Игры	SCO	Кластеры	Apple	Ubuntu Linux	Slackware
1998-10	1	3	0	0	3	1	1	0	0	0	0	0	0	0	0	0	0	0	0	0	0	0	0	0	0
1998-11	12	1	2	4	4	3	3	1	1	0	0	0	0	0	0	0	0	0	0	0	0	0	0	0	0
1998-12	16	2	3	4	3	3	1	3	0	0	0	0	0	0	0	0	0	0	0	0	0	0	0	0	0
1999-1	19	4	2	2	0	7	1	0	0	0	0	0	0	0	0	0	0	0	0	0	0	0	0	0	0
1999-2	10	3	1	4	2	5	1	1	1	3	1	0	0	0	0	0	0	0	0	0	0	0	0	0	0
1999-3	22	4	0	5	1	1	1	1	1	1	2	0	0	0	0	0	0	0	0	0	0	0	0	0	0
1999-4	11	4	0	2	2	5	2	3	2	1	0	0	0	0	0	0	0	0	0	0	0	0	0	0	0
1999-5	33	5	2	2	7	10	4	0	1	1	1	0	0	0	0	0	0	0	0	0	0	0	0	0	0
1999-6	29	8	1	4	5	20	5	3	4	1	2	0	0	0	0	0	0	0	0	0	0	0	0	0	0
1999-7	46	11	1	7	3	17	2	1	0	1	1	1	0	0	0	0	0	0	0	0	0	0	0	0	0
1999-8	41	5	4	1	0	7	1	1	0	2	3	1	0	0	0	0	0	0	0	0	0	0	0	0	0
1999-9	37	7	1	2	1	8	4	2	1	4	9	0	0	0	0	0	0	0	0	0	0	0	0	0	0
1999-10	33	5	1	3	3	16	1	2	1	1	8	3	5	0	0	0	0	0	0	0	0	0	0	0	0
1999-11	29	5	0	0	1	26	1	2	2	1	10	4	10	0	0	0	0	0	0	0	0	0	0	0	0
1999-12	27	3	3	3	3	22	3	4	0	1	14	1	7	6	0	0	0	0	0	0	0	0	0	0	0
2000-1	12	4	1	0	3	21	1	1	0	1	7	0	7	30	8	0	0	0	0	0	0	0	0	0	0
2000-2	11	10	1	2	0	20	2	4	1	0	6	0	4	20	5	0	0	0	0	0	0	0	0	0	0
2000-3	20	5	5	0	2	30	6	2	1	3	5	0	14	22	2	0	0	0	0	0	0	0	0	0	0
2000-4	9	2	0	1	1	30	4	3	1	0	10	2	3	8	2	0	0	0	0	0	0	0	0	0	0
2000-5	15	4	2	5	2	18	3	3	2	1	7	1	4	23	2	0	0	0	0	0	0	0	0	0	0
2000-6	9	0	0	0	1	10	0	0	2	0	4	2	3	10	2	1	0	0	0	0	0	0	0	0	0
2000-7	3	2	3	4	4	13	2	1	0	1	5	2	3	7	0	1	0	0	0	0	0	0	0	0	0
2000-8	8	1	2	3	1	8	2	0	0	2	2	0	4	8	2	0	0	0	0	0	0	0	0	0	0
2000-9	4	0	6	1	1	16	1	4	1	2	2	3	6	22	5	1	0	0	0	0	0	0	0	0	0
2000-10	15	3	5	5	4	17	3	3	4	1	7	3	9	21	3	0	2	2	0	0	0	0	0	0	0
2000-11	10	1	2	2	10	12	2	4	2	1	11	2	9	15	4	7	2	1	0	0	0	0	0	0	0
2000-12	13	7	11	4	4	19	3	4	0	0	7	3	8	20	6	4	1	1	0	0	0	0	0	0	0
2001-1	17	8	2	5	2	18	2	0	0	0	8	0	7	33	3	0	1	0	0	0	0	0	0	0	0
2001-2	21	1	6	5	3	29	2	3	2	0	2	4	13	28	4	1	1	1	0	0	0	0	0	0	0
2001-3	20	5	5	8	7	29	2	2	1	2	6	3	7	10	3	5	2	0	0	0	0	0	0	0	0
2001-4	13	3	3	6	2	24	2	3	0	0	3	2	7	6	9	8	3	0	0	0	0	0	0	0	0
2001-5	25	2	2	5	3	17	3	2	1	2	3	1	10	10	6	0	1	3	0	0	0	0	0	0	0
2001-6	13	2	4	0	0	23	4	1	0	1	4	9	11	6	7	5	0	2	0	0	0	0	0	0	0
2001-7	15	0	9	2	1	22	1	0	1	1	6	6	6	8	6	4	0	0	0	0	0	0	0	0	0
2001-8	23	0	4	4	3	21	6	3	2	5	2	2	10	6	6	0	0	2	0	0	0	0	0	0	0
2001-9	14	0	1	2	4	24	1	1	0	1	4	4	9	11	6	3	0	0	0	0	0	0	0	0	0
2001-10	14	1	10	3	1	25	2	1	4	2	6	4	6	14	5	3	0	1	0	0	0	0	0	0	0
2001-11	12	0	1	6	0	25	2	2	2	1	3	3	9	12	5	3	1	1	0	0	0	0	0	0	0
2001-12	23	1	4	8	0	24	2	1	0	1	3	1	5	10	5	2	0	2	1	0	0	0	0	0	0
2002-1	19	1	0	3	5	27	0	2	2	3	5	2	10	13	6	7	3	0	2	3	0	0	0	0	0
2002-2	17	0	3	5	3	25	3	1	1	3	4	4	2	8	7	5	1	0	0	2	0	0	0	0	0
2002-3	15	1	2	4	9	15	3	3	1	4	5	2	8	8	8	0	1	2	1	0	0	0	0	0	0
2002-4	17	0	2	3	12	27	2	1	0	1	3	4	11	4	3	4	3	1	4	5	0	0	0	0	0
2002-5	10	0	3	2	8	30	5	4	0	4	2	2	13	4	5	11	0	3	2	1	0	0	0	0	0
2002-6	7	0	3	7	6	18	4	2	2	0	4	3	1	2	2	4	2	3	0	0	0	0	0	0	0
2002-7	13	0	6	1	0	19	1	3	0	2	3	5	9	7	1	1	2	1	1	1	0	0	0	0	0
2002-8	11	0	5	3	0	22	4	1	1	1	4	1	13	5	6	2	1	0	0	2	0	0	0	0	0
2002-9	17	0	5	2	2	30	4	1	2	0	4	1	6	5	4	2	0	1	0	2	0	0	0	0	0
2002-10	9	0	8	1	8	30	2	0	0	2	4	3	3	3	5	4	1	1	1	0	0	0	0	0	0
2002-11	10	0	6	2	13	25	3	2	2	3	3	3	2	2	7	5	3	0	2	0	0	0	0	0	0
2002-12	10	3	5	2	8	29	7	4	1	0	2	3	10	4	5	3	1	2	1	1	0	0	0	0	0
2003-1	22	0	5	1	6	27	1	1	1	1	5	6	5	1	3	8	0	0	1	4	0	0	0	0	0
2003-2	10	0	1	3	5	22	2	1	1	2	3	2	7	2	3	1	3	1	2	0	0	0	0	0	0
2003-3	10	1	1	0	11	21	3	5	2	2	6	4	9	4	3	5	3	2	1	3	0	0	0	0	0
2003-4	11	1	2	6	5	18	2	3	1	1	5	3	10	0	5	7	3	2	0	1	0	0	0	0	0
2003-5	10	0	2	2	4	26	4	0	1	4	3	2	13	2	7	3	2	2	1	0	0	0	0	0	0
2003-6	16	0	3	3	5	39	5	4	3	2	7	3	11	6	7	2	1	0	0	4	0	0	0	0	0
2003-7	28	1	2	3	3	33	5	4	3	0	9	4	7	11	7	7	1	4	3	2	0	0	0	0	0
2003-8	24	0	3	3	4	31	4	1	5	1	9	6	10	7	5	4	4	0	1	1	0	0	0	0	0
2003-9	28	1	2	10	10	35	4	5	1	3	15	6	16	6	8	7	1	0	0	2	0	0	0	0	0
2003-10	27	1	6	1	13	31	6	5	3	5	12	7	11	9	17	6	4	3	1	7	8	0	0	0	0
2003-11	22	0	6	6	13	39	2	7	1	3	13	8	13	6	9	10	3	2	0	3	10	0	0	0	0
2003-12	17	2	11	3	11	45	4	5	1	1	10	5	11	11	9	13	4	1	2	4	10	0	0	0	0
2004-1	24	2	13	2	7	52	2	5	1	2	8	3	8	12	10	11	10	2	3	5	13	0	0	0	0
2004-2	22	1	6	2	13	38	5	5	7	2	12	6	18	13	9	12	1	1	1	2	4	0	0	0	0
2004-3	26	0	2	11	19	47	2	6	2	1	23	5	11	5	6	10	4	2	1	4	8	0	0	0	0
2004-4	20	0	9	10	9	46	2	3	3	1	12	6	12	4	7	9	2	1	0	2	2	0	0	0	0
2004-5	30	0	3	8	6	46	4	4	1	2	13	5	13	7	4	8	4	0	1	2	1	0	0	0	0
2004-6	29	0	3	10	5	53	7	4	4	3	16	7	17	3	6	9	0	2	0	3	3	0	0	0	0
2004-7	27	0	5	7	4	51	3	6	9	3	17	8	14	3	5	6	2	0	2	4	3	0	0	0	0
2004-8	19	0	5	5	5	35	4	1	3	2	17	5	14	8	16	10	4	0	1	3	6	0	0	0	0
2004-9	29	0	2	4	6	51	8	7	6	0	24	8	10	3	9	6	2	1	1	2	0	0	0	0	0
2004-10	31	1	6	6	5	47	7	2	5	0	17	14	9	7	14	13	3	5	3	5	1	0	0	0	0
2004-11	40	0	3	5	14	42	11	5	3	2	15	3	12	2	11	11	5	3	2	3	1	0	0	0	0
2004-12	32	2	5	6	8	55	8	5	4	4	26	7	10	2	3	9	1	3	3	4	3	0	0	0	0
2005-1	33	0	6	5	14	69	10	4	7	5	13	6	14	11	9	17	11	1	3	10	1	0	0	0	0
2005-2	18	1	6	4	4	60	13	4	4	6	13	6	22	2	6	8	1	3	1	0	3	0	0	0	0
2005-3	33	0	8	8	6	63	6	2	2	5	11	4	19	7	6	12	5	2	0	6	1	0	0	0	0
2005-4	26	1	4	4	9	64	9	1	8	2	6	5	16	7	11	17	8	2	2	6	0	0	0	0	0
2005-5	22	0	10	5	8	85	6	3	7	5	7	6	13	2	8	12	4	2	1	5	2	0	0	0	0
2005-6	31	1	11	2	7	61	5	8	10	4	9	6	17	9	16	13	11	1	4	3	1	0	0	0	0
2005-7	20	3	9	3	7	43	14	2	5	3	15	6	13	7	8	9	6	0	3	5	2	0	0	0	0
2005-8	27	0	8	3	9	64	6	2	5	1	7	11	14	8	11	7	5	1	1	9	0	0	0	0	0
2005-9	30	1	6	4	2	61	15	2	9	3	12	11	14	9	15	3	4	7	2	4	1	0	0	0	0
2005-10	36	2	3	4	11	48	8	3	10	1	16	3	13	3	5	8	7	5	2	9	0	0	0	0	0
2005-11	38	0	5	5	8	51	8	4	4	4	13	6	17	6	16	6	5	2	1	10	1	0	0	0	0
2005-12	30	1	9	4	4	64	7	2	7	5	8	4	12	5	16	6	5	3	5	6	0	0	0	0	0
2006-1	34	1	10	6	6	44	4	4	4	2	10	2	20	8	4	4	3	0	8	0	1	0	0	0	0
2006-2	35	0	8	3	6	44	8	2	7	0	12	2	17	5	12	3	5	0	6	5	1	0	0	0	0
2006-3	32	2	3	4	6	50	5	3	6	6	8	6	14	8	14	12	9	5	3	2	0	0	0	0	0
2006-4	21	0	5	6	8	47	7	6	6	3	22	6	12	1	17	10	8	1	1	7	0	0	0	0	0
2006-5	31	1	8	5	9	78	7	0	18	6	13	4	12	4	11	17	5	5	3	5	0	0	0	0	0
2006-6	20	1	3	9	5	55	5	8	10	8	8	6	29	8	13	20	6	6	3	2	2	0	0	0	0
2006-7	32	0	3	7	8	51	3	2	8	6	6	4	12	7	12	11	6	4	6	5	1	1	0	0	0
2006-8	31	1	5	6	8	49	5	5	4	3	6	4	19	2	27	11	7	2	4	7	0	1	0	2	0
2006-9	24	1	2	6	14	58	4	4	4	5	12	3	8	2	16	5	7	5	3	1	1	1	0	5	0
2006-10	23	1	5	3	11	47	8	5	7	3	10	1	10	3	9	15	3	2	2	4	1	0	0	2	3
2006-11	29	1	4	2	10	45	4	5	6	5	10	1	7	1	10	10	5	2	3	6	0	1	0	3	2
2006-12	25	2	6	10	6	52	5	2	10	2	7	7	14	4	9	7	4	4	5	8	1	0	0	2	0
2007-1	31	0	5	3	18	64	4	2	4	0	8	3	12	5	8	8	3	0	5	7	2	0	0	1	1
2007-2	21	1	7	6	14	49	3	4	6	1	12	10	7	4	9	6	7	3	5	5	0	0	0	2	2
2007-3	44	1	12	3	15	45	1	8	12	6	7	8	10	7	12	4	8	4	3	11	1	0	0	1	1
2007-4	19	2	3	2	13	61	5	3	6	3	8	10	5	6	8	2	3	1	3	7	0	2	1	6	1
2007-5	25	0	5	4	17	49	5	5	7	1	7	13	9	2	9	4	3	2	0	5	0	0	2	5	2
2007-6	19	0	3	3	14	40	1	0	5	5	1	5	14	5	14	4	1	3	0	5	0	0	5	2	0
