Год-месяц	Linux General	Linux.org.ru server	KDE	GNOME	Документация	OpenSource	Mozilla	RedHat	Java	GNU's Not Unix	Security	Linux в России	Коммерческое ПО	Linux kernel	Hardware and Drivers	BSD	Debian	OpenOffice (StarOffice)	PDA	Игры	SCO	Кластеры	Apple	Ubuntu Linux	Slackware
1998-10:12	29	6	5	8	10	7	5	4	1	0	0	0	0	0	0	0	0	0	0	0	0	0	0	0	0
1999-1:6	124	28	6	19	17	48	14	8	9	7	6	0	0	0	0	0	0	0	0	0	0	0	0	0	0
1999-7:12	213	36	10	16	11	96	12	12	4	10	45	10	22	6	0	0	0	0	0	0	0	0	0	0	0
2000-1:6	76	25	9	8	9	129	16	13	7	5	39	5	35	113	21	1	0	0	0	0	0	0	0	0	0
2000-7:12	53	14	29	19	24	85	13	16	7	7	34	13	39	93	20	13	5	4	0	0	0	0	0	0	0
2001-1:6	109	21	22	29	17	140	15	11	4	5	26	19	55	93	32	19	8	6	0	0	0	0	0	0	0
2001-7:12	101	2	29	25	9	141	14	8	9	11	24	20	45	61	33	15	1	6	1	0	0	0	0	0	0
2002-1:6	85	2	13	24	43	142	17	13	6	15	23	17	45	39	31	31	10	9	9	11	0	0	0	0	0
2002-7:12	70	3	35	11	31	155	21	11	6	8	20	16	43	26	28	17	8	5	5	6	0	0	0	0	0
2003-1:6	79	2	14	15	36	153	17	14	9	12	29	20	55	15	28	26	12	7	5	12	0	0	0	0	0
2003-7:12	146	5	30	26	54	214	25	27	14	13	68	36	68	50	55	47	17	10	7	19	28	0	0	0	0
2004-1:6	151	3	36	43	59	282	22	27	18	11	84	32	79	44	42	59	21	8	6	18	31	0	0	0	0
2004-7:12	178	3	26	33	42	281	41	26	30	11	116	45	69	25	58	55	17	12	12	21	14	0	0	0	0
2005-1:6	163	3	45	28	48	402	49	22	38	27	59	33	101	38	56	79	40	11	11	30	8	0	0	0	0
2005-7:12	181	7	40	23	41	331	58	15	40	17	71	41	83	38	71	39	32	18	14	43	4	0	0	0	0
2006-1:6	173	5	37	33	40	318	36	23	51	25	73	26	104	34	71	66	36	17	24	21	4	0	0	0	0
2006-7:12	164	6	25	34	57	302	29	23	39	24	51	20	70	19	83	59	32	19	23	31	4	4	0	14	5
2007-1:6	159	4	35	21	91	308	19	22	40	16	43	49	57	29	60	28	25	13	16	40	3	2	8	17	7
